RBP NDCG RR ERR R@20
0.3360 0.4710 0.6394 0.4487 0.5620
0.3239 0.4630 0.6102 0.4514 0.5286
0.3602 0.4595 0.6346 0.4530 0.5261
0.3554 0.4485 0.6265 0.4333 0.5382
0.3762 0.5036 0.6740 0.4883 0.5805
[[0.29 0.51 0.12 0.01 0.07] [0.28 0.37 0.12 0.02 0.21] [0.43 0.07 0.15 0.10 0.25] [0.45 0.16 0.20 0.01 0.18] [0.37 0.40 0.11 0.07 0.05]]
[[0.28 0.54 0.08 0.04 0.06] [0.40 0.23 0.26 0.01 0.10] [0.19 0.40 0.01 0.24 0.16] [0.45 0.06 0.29 0.01 0.19] [0.41 0.37 0.18 0.01 0.03]]
[[0.30 0.53 0.09 0.01 0.07] [0.45 0.19 0.17 0.01 0.18] [0.24 0.56 0.03 0.15 0.02] [0.45 0.16 0.20 0.01 0.18] [0.57 0.30 0.10 0.01 0.02]]
[[0.33 0.50 0.10 0.05 0.02] [0.29 0.53 0.13 0.03 0.02] [0.20 0.46 0.13 0.01 0.20] [0.27 0.52 0.05 0.08 0.08] [0.51 0.34 0.13 0.01 0.01]]
[[0.28 0.54 0.08 0.04 0.06] [0.45 0.21 0.13 0.01 0.20] [0.50 0.05 0.24 0.02 0.19] [0.46 0.05 0.24 0.05 0.20] [0.57 0.30 0.10 0.01 0.02]]
