RBP NDCG RR ERR R@20
0.3289 0.4578 0.5981 0.4202 0.5588
0.3157 0.4478 0.5968 0.4208 0.5194
0.3553 0.4506 0.6202 0.4242 0.5140
0.3466 0.4369 0.6012 0.4045 0.5275
0.3711 0.4899 0.6388 0.4447 0.5696
[[0.36 0.64] [0.36 0.64] [0.12 0.88] [0.12 0.88] [0.44 0.56]]
[[0.35 0.65] [0.57 0.43] [0.12 0.88] [0.12 0.88] [0.60 0.40]]
[[0.35 0.65] [0.57 0.43] [0.12 0.88] [0.12 0.88] [0.60 0.40]]
[[0.35 0.65] [0.36 0.64] [0.12 0.88] [0.57 0.43] [0.56 0.44]]
[[0.36 0.64] [0.56 0.44] [0.12 0.88] [0.56 0.44] [0.64 0.36]]
