RBP NDCG RR ERR R@200.2876 0.4240 0.5533 0.3755 0.4896
0.2797 0.4224 0.5342 0.3791 0.4686
0.3274 0.4339 0.5818 0.3990 0.4697
0.3157 0.4176 0.5547 0.3797 0.4748
0.3365 0.4622 0.6097 0.4151 0.5181
[[0.99 0.01] [0.99 0.01] [0.98 0.02] [0.99 0.01] [0.99 0.01]]
[[0.99 0.01] [0.99 0.01] [0.99 0.01] [0.99 0.01] [0.99 0.01]]
[[0.99 0.01] [0.99 0.01] [0.99 0.01] [0.99 0.01] [0.98 0.02]]
[[0.99 0.01] [0.99 0.01] [0.99 0.01] [0.99 0.01] [0.99 0.01]]
[[0.99 0.01] [0.99 0.01] [0.99 0.01] [0.99 0.01] [0.99 0.01]]
