RBP NDCG RR ERR R@200.2866 0.4232 0.5509 0.3743 0.4869
0.2793 0.4210 0.5261 0.3752 0.4657
0.3254 0.4320 0.5734 0.3947 0.4686
0.3142 0.4165 0.5472 0.3762 0.4715
0.3348 0.4606 0.6090 0.4116 0.5148
[[0.99 0.01] [0.99 0.01] [0.99 0.01] [0.99 0.01] [0.99 0.01]]
[[0.98 0.02] [0.99 0.01] [0.99 0.01] [0.99 0.01] [0.99 0.01]]
[[0.99 0.01] [0.99 0.01] [0.99 0.01] [0.99 0.01] [0.99 0.01]]
[[0.99 0.01] [0.99 0.01] [0.99 0.01] [0.99 0.01] [0.99 0.01]]
[[0.99 0.01] [0.99 0.01] [0.95 0.05] [0.99 0.01] [0.99 0.01]]
