RBP NDCG RR ERR R@200.2896 0.4255 0.5587 0.3780 0.4896
0.2809 0.4245 0.5351 0.3850 0.4686
0.3296 0.4361 0.5827 0.4051 0.4696
0.3177 0.4197 0.5574 0.3854 0.4748
0.3387 0.4645 0.6139 0.4206 0.5204
[[0.99 0.01] [0.99 0.01] [0.86 0.14] [0.99 0.01] [0.98 0.02]]
[[0.99 0.01] [0.99 0.01] [0.99 0.01] [0.99 0.01] [0.98 0.02]]
[[0.99 0.01] [0.99 0.01] [0.99 0.01] [0.99 0.01] [0.98 0.02]]
[[0.99 0.01] [0.99 0.01] [0.99 0.01] [0.99 0.01] [0.98 0.02]]
[[0.99 0.01] [0.99 0.01] [0.85 0.15] [0.99 0.01] [0.99 0.01]]
