RBP NDCG RR ERR R@200.2908 0.4320 0.5540 0.3826 0.5122
0.2836 0.4325 0.5499 0.3931 0.4949
0.3329 0.4448 0.5933 0.4124 0.4933
0.3207 0.4301 0.5728 0.3954 0.4984
0.3388 0.4648 0.6110 0.4197 0.5239
[[0.61 0.39] [0.40 0.60] [0.55 0.45] [0.40 0.60] [0.68 0.32]]
[[0.61 0.39] [0.54 0.46] [0.32 0.68] [0.61 0.39] [0.68 0.32]]
[[0.61 0.39] [0.54 0.46] [0.32 0.68] [0.61 0.39] [0.68 0.32]]
[[0.54 0.46] [0.32 0.68] [0.32 0.68] [0.32 0.68] [0.70 0.30]]
[[0.99 0.01] [0.99 0.01] [0.99 0.01] [0.99 0.01] [0.68 0.32]]
