RBP NDCG RR ERR R@200.2934 0.4314 0.5526 0.3768 0.4999
0.2857 0.4269 0.5328 0.3826 0.4776
0.3338 0.4387 0.5830 0.4031 0.4788
0.3269 0.4245 0.5581 0.3875 0.4730
0.3442 0.4689 0.6089 0.4205 0.5292
[[0.91 0.01 0.08] [0.81 0.01 0.18] [0.96 0.03 0.01] [0.96 0.01 0.03] [0.97 0.01 0.02]]
[[0.91 0.01 0.08] [0.83 0.01 0.16] [0.98 0.01 0.01] [0.97 0.01 0.02] [0.97 0.01 0.02]]
[[0.94 0.01 0.05] [0.71 0.01 0.28] [0.83 0.01 0.16] [0.83 0.01 0.16] [0.97 0.01 0.02]]
[[0.90 0.01 0.09] [0.83 0.01 0.16] [0.83 0.01 0.16] [0.83 0.01 0.16] [0.98 0.01 0.01]]
[[0.91 0.01 0.08] [0.79 0.01 0.20] [0.98 0.01 0.01] [0.94 0.01 0.05] [0.97 0.01 0.02]]
