RBP NDCG RR ERR R@200.3044 0.4371 0.5797 0.3985 0.4995
0.2959 0.4305 0.5563 0.3954 0.4807
0.3421 0.4447 0.5989 0.4192 0.4827
0.3328 0.4275 0.5643 0.3916 0.4726
0.3515 0.4710 0.6324 0.4299 0.5338
[[0.86 0.05 0.09] [0.81 0.07 0.12] [0.75 0.17 0.08] [0.81 0.10 0.09] [0.96 0.01 0.03]]
[[0.83 0.06 0.11] [0.86 0.05 0.09] [0.76 0.18 0.06] [0.92 0.04 0.04] [0.96 0.01 0.03]]
[[0.90 0.04 0.06] [0.84 0.06 0.10] [0.69 0.16 0.15] [0.85 0.06 0.09] [0.95 0.01 0.04]]
[[0.82 0.04 0.14] [0.83 0.03 0.14] [0.61 0.13 0.26] [0.82 0.01 0.17] [0.92 0.02 0.06]]
[[0.86 0.05 0.09] [0.83 0.06 0.11] [0.69 0.20 0.11] [0.85 0.06 0.09] [0.94 0.02 0.04]]
