RBP NDCG RR ERR R@200.2932 0.4325 0.5528 0.3777 0.5023
0.2859 0.4280 0.5349 0.3848 0.4800
0.3344 0.4397 0.5836 0.4050 0.4815
0.3271 0.4258 0.5584 0.3889 0.4746
0.3443 0.4692 0.6102 0.4221 0.5334
[[0.94 0.01 0.05] [0.77 0.01 0.22] [0.93 0.06 0.01] [0.98 0.01 0.01] [0.98 0.01 0.01]]
[[0.90 0.02 0.08] [0.82 0.01 0.17] [0.98 0.01 0.01] [0.98 0.01 0.01] [0.98 0.01 0.01]]
[[0.94 0.01 0.05] [0.72 0.01 0.27] [0.94 0.01 0.05] [0.96 0.01 0.03] [0.98 0.01 0.01]]
[[0.90 0.01 0.09] [0.81 0.01 0.18] [0.83 0.01 0.16] [0.82 0.01 0.17] [0.96 0.03 0.01]]
[[0.90 0.02 0.08] [0.82 0.01 0.17] [0.98 0.01 0.01] [0.91 0.03 0.06] [0.98 0.01 0.01]]
