RBP NDCG RR ERR R@200.2927 0.4312 0.5526 0.3767 0.5013
0.2858 0.4264 0.5317 0.3828 0.4769
0.3337 0.4384 0.5825 0.4033 0.4801
0.3268 0.4242 0.5574 0.3850 0.4716
0.3430 0.4690 0.6070 0.4221 0.5312
[[0.93 0.01 0.06] [0.79 0.01 0.20] [0.97 0.02 0.01] [0.93 0.01 0.06] [0.95 0.01 0.04]]
[[0.93 0.01 0.06] [0.84 0.01 0.15] [0.84 0.01 0.15] [0.93 0.01 0.06] [0.96 0.01 0.03]]
[[0.93 0.01 0.06] [0.72 0.01 0.27] [0.83 0.01 0.16] [0.93 0.01 0.06] [0.96 0.01 0.03]]
[[0.89 0.01 0.10] [0.79 0.01 0.20] [0.84 0.01 0.15] [0.84 0.01 0.15] [0.98 0.01 0.01]]
[[0.91 0.01 0.08] [0.79 0.01 0.20] [0.94 0.01 0.05] [0.93 0.01 0.06] [0.96 0.01 0.03]]
