RBP NDCG RR ERR R@200.3007 0.4345 0.5644 0.3941 0.5021
0.2923 0.4296 0.5403 0.3956 0.4807
0.3402 0.4438 0.5939 0.4177 0.4849
0.3293 0.4280 0.5614 0.3934 0.4724
0.3486 0.4716 0.6142 0.4281 0.5360
[[0.78 0.14 0.08] [0.81 0.02 0.17] [0.59 0.31 0.10] [0.64 0.30 0.06] [0.93 0.04 0.03]]
[[0.80 0.13 0.07] [0.86 0.09 0.05] [0.77 0.22 0.01] [0.88 0.09 0.03] [0.94 0.03 0.03]]
[[0.86 0.09 0.05] [0.79 0.13 0.08] [0.77 0.22 0.01] [0.85 0.11 0.04] [0.94 0.03 0.03]]
[[0.80 0.08 0.12] [0.81 0.02 0.17] [0.81 0.03 0.16] [0.81 0.02 0.17] [0.94 0.03 0.03]]
[[0.79 0.13 0.08] [0.81 0.01 0.18] [0.96 0.03 0.01] [0.79 0.13 0.08] [0.94 0.03 0.03]]
