RBP NDCG RR ERR R@200.3060 0.4380 0.5873 0.3985 0.5026
0.2975 0.4317 0.5579 0.3966 0.4816
0.3437 0.4452 0.6048 0.4214 0.4845
0.3330 0.4280 0.5719 0.3916 0.4729
0.3529 0.4719 0.6316 0.4311 0.5357
[[0.83 0.08 0.09] [0.81 0.09 0.10] [0.65 0.26 0.09] [0.76 0.15 0.09] [0.95 0.02 0.03]]
[[0.83 0.08 0.09] [0.83 0.08 0.09] [0.53 0.27 0.20] [0.91 0.05 0.04] [0.95 0.02 0.03]]
[[0.90 0.07 0.03] [0.81 0.09 0.10] [0.53 0.27 0.20] [0.80 0.13 0.07] [0.94 0.02 0.04]]
[[0.79 0.06 0.15] [0.81 0.05 0.14] [0.53 0.27 0.20] [0.82 0.01 0.17] [0.98 0.01 0.01]]
[[0.83 0.08 0.09] [0.81 0.09 0.10] [0.68 0.25 0.07] [0.81 0.09 0.10] [0.95 0.02 0.03]]
