RBP NDCG RR ERR R@200.2890 0.4227 0.5355 0.3706 0.4998
0.2859 0.4214 0.5302 0.3857 0.4759
0.3360 0.4353 0.5840 0.4073 0.4761
0.3203 0.4157 0.5453 0.3803 0.4725
0.3427 0.4645 0.5970 0.4186 0.5313
[[0.64 0.36] [0.61 0.39] [0.91 0.09] [0.62 0.38] [0.68 0.32]]
[[0.61 0.39] [0.68 0.32] [0.72 0.28] [0.68 0.32] [0.75 0.25]]
[[0.61 0.39] [0.61 0.39] [0.99 0.01] [0.64 0.36] [0.68 0.32]]
[[0.61 0.39] [0.61 0.39] [0.95 0.05] [0.62 0.38] [0.68 0.32]]
[[0.62 0.38] [0.62 0.38] [0.72 0.28] [0.62 0.38] [0.75 0.25]]
