RBP NDCG RR ERR R@200.2944 0.4356 0.5550 0.3810 0.5049
0.2859 0.4307 0.5385 0.3863 0.4843
0.3352 0.4410 0.5861 0.4081 0.4817
0.3273 0.4285 0.5608 0.3927 0.4751
0.3438 0.4713 0.6123 0.4229 0.5361
[[0.94 0.01 0.05] [0.81 0.01 0.18] [0.74 0.24 0.02] [0.81 0.01 0.18] [0.98 0.01 0.01]]
[[0.55 0.28 0.17] [0.77 0.05 0.18] [0.74 0.24 0.02] [0.82 0.01 0.17] [0.98 0.01 0.01]]
[[0.94 0.01 0.05] [0.77 0.05 0.18] [0.83 0.01 0.16] [0.83 0.01 0.16] [0.98 0.01 0.01]]
[[0.55 0.28 0.17] [0.77 0.05 0.18] [0.83 0.01 0.16] [0.77 0.05 0.18] [0.98 0.01 0.01]]
[[0.95 0.01 0.04] [0.77 0.05 0.18] [0.97 0.01 0.02] [0.77 0.05 0.18] [0.98 0.01 0.01]]
