RBP NDCG RR ERR R@200.2944 0.4392 0.5564 0.3820 0.5273
0.2869 0.4348 0.5427 0.3916 0.5105
0.3370 0.4451 0.5923 0.4123 0.5079
0.3279 0.4313 0.5615 0.3929 0.5013
0.3440 0.4734 0.6124 0.4230 0.5399
[[0.94 0.01 0.05] [0.45 0.37 0.18] [0.70 0.28 0.02] [0.45 0.37 0.18] [0.68 0.31 0.01]]
[[0.44 0.39 0.17] [0.43 0.39 0.18] [0.60 0.39 0.01] [0.60 0.39 0.01] [0.63 0.36 0.01]]
[[0.60 0.36 0.04] [0.44 0.38 0.18] [0.63 0.34 0.03] [0.63 0.34 0.03] [0.63 0.36 0.01]]
[[0.53 0.39 0.08] [0.44 0.38 0.18] [0.70 0.28 0.02] [0.44 0.38 0.18] [0.63 0.36 0.01]]
[[0.86 0.10 0.04] [0.46 0.35 0.19] [0.97 0.01 0.02] [0.46 0.35 0.19] [0.63 0.36 0.01]]
