RBP NDCG RR ERR R@200.2913 0.4272 0.5775 0.3846 0.4932
0.2838 0.4264 0.5591 0.3899 0.4685
0.3311 0.4375 0.6112 0.4089 0.4666
0.3193 0.4203 0.5753 0.3879 0.4733
0.3395 0.4652 0.6207 0.4204 0.5196
[[0.03 0.01 0.96] [0.03 0.01 0.96] [0.01 0.55 0.44] [0.03 0.01 0.96] [0.02 0.97 0.01]]
[[0.01 0.60 0.39] [0.03 0.01 0.96] [0.01 0.66 0.33] [0.01 0.65 0.34] [0.98 0.01 0.01]]
[[0.03 0.01 0.96] [0.03 0.01 0.96] [0.01 0.65 0.34] [0.03 0.01 0.96] [0.98 0.01 0.01]]
[[0.03 0.01 0.96] [0.72 0.27 0.01] [0.03 0.05 0.92] [0.03 0.01 0.96] [0.98 0.01 0.01]]
[[0.03 0.11 0.86] [0.53 0.04 0.43] [0.01 0.65 0.34] [0.53 0.04 0.43] [0.98 0.01 0.01]]
