RBP NDCG RR ERR R@200.2913 0.4263 0.5789 0.3808 0.4932
0.2824 0.4258 0.5564 0.3885 0.4685
0.3307 0.4364 0.6042 0.4069 0.4666
0.3187 0.4203 0.5703 0.3867 0.4733
0.3392 0.4651 0.6257 0.4204 0.5196
[[0.03 0.39 0.58] [0.03 0.59 0.38] [0.01 0.59 0.40] [0.03 0.50 0.47] [0.02 0.97 0.01]]
[[0.02 0.62 0.36] [0.03 0.60 0.37] [0.02 0.21 0.77] [0.03 0.50 0.47] [0.98 0.01 0.01]]
[[0.06 0.05 0.89] [0.03 0.60 0.37] [0.02 0.21 0.77] [0.03 0.50 0.47] [0.98 0.01 0.01]]
[[0.03 0.73 0.24] [0.72 0.27 0.01] [0.02 0.21 0.77] [0.03 0.51 0.46] [0.98 0.01 0.01]]
[[0.55 0.37 0.08] [0.56 0.35 0.09] [0.03 0.60 0.37] [0.55 0.41 0.04] [0.98 0.01 0.01]]
