RBP NDCG RR ERR R@200.2966 0.4436 0.5865 0.3989 0.5013
0.2902 0.4418 0.5599 0.4064 0.4880
0.3355 0.4411 0.6027 0.4064 0.4732
0.3223 0.4266 0.5718 0.3881 0.4875
0.3416 0.4737 0.6207 0.4201 0.5259
[[0.93 0.06 0.01] [0.90 0.09 0.01] [0.90 0.08 0.02] [0.84 0.08 0.08] [0.91 0.08 0.01]]
[[0.90 0.09 0.01] [0.90 0.09 0.01] [0.87 0.12 0.01] [0.86 0.08 0.06] [0.85 0.04 0.11]]
[[0.93 0.06 0.01] [0.91 0.07 0.02] [0.90 0.08 0.02] [0.91 0.07 0.02] [0.91 0.07 0.02]]
[[0.94 0.05 0.01] [0.87 0.12 0.01] [0.87 0.12 0.01] [0.84 0.14 0.02] [0.91 0.08 0.01]]
[[0.90 0.09 0.01] [0.90 0.09 0.01] [0.90 0.09 0.01] [0.91 0.08 0.01] [0.93 0.05 0.02]]
