RBP NDCG RR ERR R@200.2911 0.4268 0.5800 0.3826 0.4932
0.2824 0.4257 0.5614 0.3888 0.4685
0.3304 0.4377 0.6105 0.4107 0.4666
0.3192 0.4207 0.5693 0.3898 0.4733
0.3393 0.4652 0.6254 0.4227 0.5196
[[0.03 0.49 0.48] [0.06 0.23 0.71] [0.02 0.05 0.93] [0.06 0.23 0.71] [0.02 0.97 0.01]]
[[0.02 0.64 0.34] [0.03 0.58 0.39] [0.02 0.05 0.93] [0.02 0.05 0.93] [0.98 0.01 0.01]]
[[0.06 0.10 0.84] [0.07 0.05 0.88] [0.02 0.05 0.93] [0.06 0.25 0.69] [0.98 0.01 0.01]]
[[0.04 0.60 0.36] [0.06 0.23 0.71] [0.03 0.36 0.61] [0.06 0.25 0.69] [0.98 0.01 0.01]]
[[0.04 0.83 0.13] [0.63 0.05 0.32] [0.03 0.36 0.61] [0.06 0.25 0.69] [0.98 0.01 0.01]]
