RBP NDCG RR ERR R@200.2977 0.4457 0.5948 0.4044 0.5000
0.2916 0.4435 0.5670 0.4126 0.4812
0.3364 0.4431 0.6113 0.4128 0.4724
0.3220 0.4260 0.5731 0.3934 0.4890
0.3419 0.4740 0.6207 0.4202 0.5235
[[0.90 0.08 0.02] [0.90 0.08 0.02] [0.90 0.08 0.02] [0.91 0.05 0.04] [0.89 0.10 0.01]]
[[0.90 0.08 0.02] [0.90 0.08 0.02] [0.90 0.08 0.02] [0.90 0.08 0.02] [0.92 0.07 0.01]]
[[0.94 0.04 0.02] [0.91 0.05 0.04] [0.90 0.08 0.02] [0.91 0.05 0.04] [0.92 0.07 0.01]]
[[0.94 0.04 0.02] [0.88 0.08 0.04] [0.85 0.12 0.03] [0.87 0.04 0.09] [0.92 0.07 0.01]]
[[0.90 0.09 0.01] [0.90 0.09 0.01] [0.90 0.09 0.01] [0.91 0.05 0.04] [0.94 0.05 0.01]]
