RBP NDCG RR ERR R@200.2908 0.4264 0.5779 0.3807 0.4932
0.2823 0.4258 0.5591 0.3888 0.4685
0.3300 0.4363 0.6081 0.4068 0.4666
0.3186 0.4203 0.5694 0.3871 0.4733
0.3392 0.4651 0.6255 0.4204 0.5196
[[0.03 0.50 0.47] [0.03 0.52 0.45] [0.02 0.04 0.94] [0.03 0.51 0.46] [0.02 0.97 0.01]]
[[0.02 0.72 0.26] [0.03 0.51 0.46] [0.02 0.12 0.86] [0.03 0.51 0.46] [0.98 0.01 0.01]]
[[0.05 0.29 0.66] [0.03 0.60 0.37] [0.02 0.11 0.87] [0.03 0.51 0.46] [0.98 0.01 0.01]]
[[0.03 0.71 0.26] [0.72 0.27 0.01] [0.03 0.55 0.42] [0.03 0.51 0.46] [0.98 0.01 0.01]]
[[0.55 0.37 0.08] [0.56 0.35 0.09] [0.03 0.55 0.42] [0.55 0.42 0.03] [0.98 0.01 0.01]]
