RBP NDCG RR ERR R@200.2972 0.4438 0.5868 0.3984 0.5013
0.2906 0.4420 0.5601 0.4065 0.4830
0.3359 0.4412 0.6032 0.4070 0.4725
0.3225 0.4256 0.5726 0.3880 0.4890
0.3418 0.4738 0.6207 0.4200 0.5275
[[0.93 0.06 0.01] [0.90 0.09 0.01] [0.90 0.07 0.03] [0.91 0.08 0.01] [0.91 0.08 0.01]]
[[0.90 0.09 0.01] [0.90 0.09 0.01] [0.87 0.12 0.01] [0.84 0.08 0.08] [0.85 0.03 0.12]]
[[0.93 0.06 0.01] [0.91 0.08 0.01] [0.90 0.07 0.03] [0.91 0.07 0.02] [0.91 0.08 0.01]]
[[0.94 0.05 0.01] [0.87 0.12 0.01] [0.88 0.03 0.09] [0.84 0.14 0.02] [0.92 0.07 0.01]]
[[0.92 0.06 0.02] [0.90 0.09 0.01] [0.90 0.09 0.01] [0.91 0.08 0.01] [0.92 0.06 0.02]]
