RBP NDCG RR ERR R@200.2920 0.4281 0.5765 0.3855 0.4932
0.2836 0.4278 0.5583 0.3936 0.4685
0.3310 0.4381 0.6105 0.4119 0.4666
0.3201 0.4216 0.5750 0.3921 0.4733
0.3401 0.4652 0.6209 0.4204 0.5196
[[0.03 0.04 0.93] [0.03 0.04 0.93] [0.01 0.64 0.35] [0.03 0.04 0.93] [0.02 0.97 0.01]]
[[0.01 0.59 0.40] [0.03 0.04 0.93] [0.01 0.64 0.35] [0.03 0.04 0.93] [0.98 0.01 0.01]]
[[0.03 0.18 0.79] [0.03 0.01 0.96] [0.01 0.64 0.35] [0.03 0.04 0.93] [0.98 0.01 0.01]]
[[0.03 0.01 0.96] [0.03 0.04 0.93] [0.03 0.04 0.93] [0.03 0.04 0.93] [0.98 0.01 0.01]]
[[0.03 0.01 0.96] [0.56 0.11 0.33] [0.01 0.64 0.35] [0.55 0.35 0.10] [0.98 0.01 0.01]]
