RBP NDCG RR ERR R@200.2973 0.4444 0.5882 0.3991 0.5010
0.2916 0.4426 0.5606 0.4074 0.4830
0.3356 0.4418 0.6045 0.4075 0.4744
0.3216 0.4259 0.5729 0.3898 0.4906
0.3414 0.4738 0.6207 0.4200 0.5235
[[0.90 0.08 0.02] [0.90 0.07 0.03] [0.90 0.07 0.03] [0.91 0.08 0.01] [0.92 0.06 0.02]]
[[0.90 0.08 0.02] [0.90 0.08 0.02] [0.90 0.08 0.02] [0.90 0.08 0.02] [0.92 0.05 0.03]]
[[0.94 0.05 0.01] [0.91 0.07 0.02] [0.90 0.08 0.02] [0.91 0.08 0.01] [0.92 0.05 0.03]]
[[0.94 0.04 0.02] [0.88 0.08 0.04] [0.85 0.12 0.03] [0.84 0.08 0.08] [0.92 0.05 0.03]]
[[0.90 0.09 0.01] [0.91 0.08 0.01] [0.91 0.08 0.01] [0.91 0.08 0.01] [0.94 0.05 0.01]]
