RBP NDCG RR ERR R@200.2908 0.4273 0.5797 0.3852 0.4932
0.2820 0.4263 0.5605 0.3900 0.4685
0.3302 0.4367 0.6084 0.4089 0.4666
0.3187 0.4205 0.5756 0.3888 0.4733
0.3392 0.4651 0.6256 0.4204 0.5196
[[0.04 0.07 0.89] [0.04 0.07 0.89] [0.04 0.02 0.94] [0.04 0.15 0.81] [0.02 0.97 0.01]]
[[0.03 0.65 0.32] [0.04 0.07 0.89] [0.02 0.37 0.61] [0.04 0.15 0.81] [0.98 0.01 0.01]]
[[0.04 0.53 0.43] [0.04 0.09 0.87] [0.02 0.37 0.61] [0.03 0.36 0.61] [0.98 0.01 0.01]]
[[0.04 0.62 0.34] [0.04 0.07 0.89] [0.04 0.15 0.81] [0.04 0.15 0.81] [0.98 0.01 0.01]]
[[0.56 0.35 0.09] [0.57 0.33 0.10] [0.04 0.53 0.43] [0.55 0.43 0.02] [0.98 0.01 0.01]]
