RBP NDCG RR ERR R@200.2967 0.4434 0.5865 0.3990 0.5014
0.2900 0.4416 0.5601 0.4059 0.4826
0.3355 0.4407 0.6027 0.4063 0.4739
0.3222 0.4264 0.5720 0.3880 0.4890
0.3416 0.4736 0.6207 0.4201 0.5262
[[0.93 0.06 0.01] [0.90 0.09 0.01] [0.90 0.08 0.02] [0.84 0.08 0.08] [0.92 0.07 0.01]]
[[0.87 0.12 0.01] [0.90 0.09 0.01] [0.87 0.12 0.01] [0.84 0.08 0.08] [0.92 0.07 0.01]]
[[0.93 0.06 0.01] [0.91 0.07 0.02] [0.90 0.08 0.02] [0.91 0.07 0.02] [0.92 0.07 0.01]]
[[0.94 0.05 0.01] [0.87 0.12 0.01] [0.87 0.12 0.01] [0.84 0.14 0.02] [0.92 0.07 0.01]]
[[0.90 0.09 0.01] [0.90 0.09 0.01] [0.90 0.09 0.01] [0.91 0.08 0.01] [0.94 0.05 0.01]]
