RBP NDCG RR ERR R@200.2962 0.4445 0.5923 0.4026 0.4999
0.2903 0.4427 0.5644 0.4105 0.4834
0.3350 0.4423 0.6085 0.4114 0.4724
0.3220 0.4258 0.5721 0.3893 0.4890
0.3415 0.4739 0.6213 0.4198 0.5271
[[0.93 0.06 0.01] [0.90 0.08 0.02] [0.90 0.08 0.02] [0.91 0.07 0.02] [0.92 0.07 0.01]]
[[0.90 0.09 0.01] [0.90 0.08 0.02] [0.90 0.08 0.02] [0.90 0.08 0.02] [0.85 0.03 0.12]]
[[0.94 0.05 0.01] [0.91 0.07 0.02] [0.90 0.07 0.03] [0.91 0.07 0.02] [0.92 0.07 0.01]]
[[0.94 0.04 0.02] [0.87 0.12 0.01] [0.85 0.12 0.03] [0.84 0.14 0.02] [0.92 0.07 0.01]]
[[0.90 0.09 0.01] [0.91 0.08 0.01] [0.90 0.04 0.06] [0.91 0.08 0.01] [0.94 0.04 0.02]]
