RBP NDCG RR ERR R@200.2907 0.4272 0.5805 0.3851 0.4932
0.2818 0.4261 0.5615 0.3899 0.4685
0.3300 0.4366 0.6103 0.4089 0.4666
0.3187 0.4204 0.5757 0.3887 0.4733
0.3392 0.4651 0.6256 0.4204 0.5196
[[0.03 0.55 0.42] [0.04 0.01 0.95] [0.02 0.04 0.94] [0.04 0.13 0.83] [0.02 0.97 0.01]]
[[0.02 0.71 0.27] [0.04 0.02 0.94] [0.02 0.04 0.94] [0.04 0.13 0.83] [0.98 0.01 0.01]]
[[0.05 0.29 0.66] [0.03 0.36 0.61] [0.02 0.04 0.94] [0.03 0.35 0.62] [0.98 0.01 0.01]]
[[0.04 0.62 0.34] [0.04 0.01 0.95] [0.04 0.15 0.81] [0.04 0.15 0.81] [0.98 0.01 0.01]]
[[0.56 0.35 0.09] [0.57 0.33 0.10] [0.04 0.51 0.45] [0.55 0.43 0.02] [0.98 0.01 0.01]]
