RBP NDCG RR ERR R@200.2912 0.4267 0.5778 0.3825 0.4932
0.2825 0.4259 0.5592 0.3891 0.4685
0.3304 0.4377 0.6084 0.4107 0.4666
0.3189 0.4206 0.5694 0.3898 0.4733
0.3394 0.4651 0.6255 0.4227 0.5196
[[0.03 0.51 0.46] [0.07 0.05 0.88] [0.02 0.12 0.86] [0.07 0.05 0.88] [0.02 0.97 0.01]]
[[0.03 0.49 0.48] [0.03 0.48 0.49] [0.02 0.12 0.86] [0.03 0.50 0.47] [0.98 0.01 0.01]]
[[0.06 0.02 0.92] [0.07 0.05 0.88] [0.02 0.12 0.86] [0.07 0.05 0.88] [0.98 0.01 0.01]]
[[0.04 0.61 0.35] [0.07 0.05 0.88] [0.03 0.52 0.45] [0.07 0.05 0.88] [0.98 0.01 0.01]]
[[0.04 0.81 0.15] [0.56 0.35 0.09] [0.03 0.52 0.45] [0.07 0.05 0.88] [0.98 0.01 0.01]]
