RBP NDCG RR ERR R@200.2912 0.4263 0.5787 0.3803 0.4932
0.2822 0.4257 0.5546 0.3882 0.4685
0.3309 0.4364 0.6044 0.4069 0.4666
0.3188 0.4203 0.5694 0.3864 0.4733
0.3392 0.4651 0.6262 0.4204 0.5196
[[0.03 0.33 0.64] [0.03 0.55 0.42] [0.01 0.35 0.64] [0.03 0.55 0.42] [0.02 0.97 0.01]]
[[0.02 0.59 0.39] [0.03 0.55 0.42] [0.02 0.21 0.77] [0.03 0.55 0.42] [0.98 0.01 0.01]]
[[0.05 0.01 0.94] [0.06 0.36 0.58] [0.01 0.59 0.40] [0.05 0.01 0.94] [0.98 0.01 0.01]]
[[0.03 0.67 0.30] [0.72 0.27 0.01] [0.05 0.01 0.94] [0.03 0.60 0.37] [0.98 0.01 0.01]]
[[0.53 0.40 0.07] [0.56 0.35 0.09] [0.05 0.19 0.76] [0.55 0.41 0.04] [0.98 0.01 0.01]]
