RBP NDCG RR ERR R@200.2968 0.4446 0.5923 0.4026 0.5000
0.2905 0.4425 0.5644 0.4105 0.4812
0.3355 0.4424 0.6085 0.4114 0.4724
0.3225 0.4258 0.5728 0.3918 0.4890
0.3417 0.4739 0.6207 0.4198 0.5240
[[0.94 0.04 0.02] [0.90 0.08 0.02] [0.90 0.08 0.02] [0.91 0.07 0.02] [0.89 0.10 0.01]]
[[0.90 0.09 0.01] [0.90 0.08 0.02] [0.90 0.08 0.02] [0.90 0.08 0.02] [0.92 0.07 0.01]]
[[0.93 0.05 0.02] [0.91 0.07 0.02] [0.90 0.08 0.02] [0.91 0.07 0.02] [0.92 0.07 0.01]]
[[0.94 0.04 0.02] [0.87 0.12 0.01] [0.85 0.12 0.03] [0.88 0.04 0.08] [0.92 0.07 0.01]]
[[0.91 0.08 0.01] [0.91 0.08 0.01] [0.90 0.09 0.01] [0.91 0.08 0.01] [0.94 0.05 0.01]]
