RBP NDCG RR ERR R@200.2898 0.4262 0.5621 0.3778 0.4932
0.2816 0.4256 0.5420 0.3863 0.4685
0.3298 0.4362 0.5951 0.4047 0.4666
0.3181 0.4203 0.5643 0.3849 0.4733
0.3394 0.4651 0.6187 0.4204 0.5196
[[0.50 0.19 0.31] [0.55 0.04 0.41] [0.03 0.57 0.40] [0.55 0.25 0.20] [0.02 0.97 0.01]]
[[0.03 0.57 0.40] [0.50 0.19 0.31] [0.01 0.92 0.07] [0.54 0.45 0.01] [0.98 0.01 0.01]]
[[0.16 0.79 0.05] [0.05 0.25 0.70] [0.01 0.67 0.32] [0.05 0.61 0.34] [0.98 0.01 0.01]]
[[0.03 0.57 0.40] [0.72 0.27 0.01] [0.03 0.19 0.78] [0.76 0.23 0.01] [0.98 0.01 0.01]]
[[0.03 0.57 0.40] [0.55 0.04 0.41] [0.03 0.19 0.78] [0.55 0.25 0.20] [0.98 0.01 0.01]]
