RBP NDCG RR ERR R@200.2911 0.4273 0.5859 0.3859 0.4932
0.2823 0.4263 0.5673 0.3908 0.4685
0.3305 0.4369 0.6171 0.4097 0.4666
0.3193 0.4205 0.5775 0.3894 0.4733
0.3392 0.4651 0.6256 0.4204 0.5196
[[0.04 0.07 0.89] [0.04 0.22 0.74] [0.02 0.21 0.77] [0.04 0.07 0.89] [0.02 0.97 0.01]]
[[0.02 0.41 0.57] [0.02 0.41 0.57] [0.02 0.21 0.77] [0.04 0.07 0.89] [0.98 0.01 0.01]]
[[0.06 0.18 0.76] [0.05 0.04 0.91] [0.02 0.21 0.77] [0.03 0.30 0.67] [0.98 0.01 0.01]]
[[0.04 0.77 0.19] [0.05 0.04 0.91] [0.04 0.07 0.89] [0.04 0.07 0.89] [0.98 0.01 0.01]]
[[0.56 0.36 0.08] [0.57 0.34 0.09] [0.05 0.39 0.56] [0.55 0.43 0.02] [0.98 0.01 0.01]]
