RBP NDCG RR ERR R@200.2913 0.4264 0.5856 0.3806 0.4936
0.2827 0.4258 0.5551 0.3884 0.4685
0.3307 0.4366 0.6038 0.4072 0.4666
0.3187 0.4203 0.5694 0.3863 0.4733
0.3393 0.4652 0.6263 0.4204 0.5196
[[0.03 0.33 0.64] [0.03 0.51 0.46] [0.01 0.22 0.77] [0.03 0.34 0.63] [0.02 0.74 0.24]]
[[0.02 0.45 0.53] [0.03 0.52 0.45] [0.02 0.21 0.77] [0.03 0.55 0.42] [0.98 0.01 0.01]]
[[0.04 0.21 0.75] [0.03 0.52 0.45] [0.01 0.89 0.10] [0.04 0.21 0.75] [0.98 0.01 0.01]]
[[0.03 0.75 0.22] [0.72 0.27 0.01] [0.04 0.21 0.75] [0.03 0.52 0.45] [0.98 0.01 0.01]]
[[0.03 0.52 0.45] [0.61 0.01 0.38] [0.03 0.52 0.45] [0.58 0.12 0.30] [0.98 0.01 0.01]]
