RBP NDCG RR ERR R@200.2912 0.4275 0.5871 0.3862 0.4932
0.2825 0.4265 0.5683 0.3910 0.4685
0.3306 0.4371 0.6181 0.4098 0.4666
0.3188 0.4205 0.5777 0.3895 0.4733
0.3392 0.4651 0.6254 0.4204 0.5196
[[0.04 0.14 0.82] [0.04 0.29 0.67] [0.02 0.19 0.79] [0.04 0.11 0.85] [0.02 0.97 0.01]]
[[0.03 0.69 0.28] [0.04 0.09 0.87] [0.02 0.25 0.73] [0.04 0.14 0.82] [0.98 0.01 0.01]]
[[0.07 0.09 0.84] [0.04 0.29 0.67] [0.02 0.26 0.72] [0.04 0.14 0.82] [0.98 0.01 0.01]]
[[0.04 0.77 0.19] [0.05 0.10 0.85] [0.04 0.15 0.81] [0.04 0.14 0.82] [0.98 0.01 0.01]]
[[0.56 0.36 0.08] [0.58 0.32 0.10] [0.04 0.60 0.36] [0.58 0.32 0.10] [0.98 0.01 0.01]]
