RBP NDCG RR ERR R@200.2972 0.4437 0.5868 0.3984 0.5014
0.2906 0.4420 0.5601 0.4079 0.4848
0.3359 0.4412 0.6027 0.4070 0.4739
0.3223 0.4256 0.5720 0.3880 0.4890
0.3418 0.4738 0.6207 0.4201 0.5265
[[0.93 0.06 0.01] [0.90 0.09 0.01] [0.90 0.07 0.03] [0.91 0.08 0.01] [0.92 0.07 0.01]]
[[0.90 0.09 0.01] [0.90 0.09 0.01] [0.87 0.12 0.01] [0.84 0.08 0.08] [0.85 0.06 0.09]]
[[0.93 0.06 0.01] [0.91 0.08 0.01] [0.90 0.08 0.02] [0.91 0.07 0.02] [0.92 0.07 0.01]]
[[0.94 0.05 0.01] [0.87 0.12 0.01] [0.87 0.12 0.01] [0.84 0.14 0.02] [0.92 0.07 0.01]]
[[0.90 0.09 0.01] [0.90 0.09 0.01] [0.90 0.09 0.01] [0.91 0.08 0.01] [0.93 0.05 0.02]]
