RBP NDCG RR ERR R@200.2965 0.4436 0.5865 0.3987 0.5020
0.2902 0.4418 0.5599 0.4065 0.4881
0.3355 0.4411 0.6027 0.4064 0.4732
0.3221 0.4265 0.5718 0.3881 0.4875
0.3416 0.4736 0.6207 0.4201 0.5259
[[0.93 0.06 0.01] [0.90 0.09 0.01] [0.90 0.08 0.02] [0.86 0.07 0.07] [0.86 0.04 0.10]]
[[0.90 0.09 0.01] [0.90 0.09 0.01] [0.87 0.12 0.01] [0.86 0.08 0.06] [0.85 0.04 0.11]]
[[0.93 0.06 0.01] [0.91 0.07 0.02] [0.90 0.08 0.02] [0.91 0.07 0.02] [0.91 0.07 0.02]]
[[0.94 0.04 0.02] [0.87 0.12 0.01] [0.87 0.12 0.01] [0.84 0.14 0.02] [0.91 0.08 0.01]]
[[0.90 0.09 0.01] [0.90 0.09 0.01] [0.90 0.09 0.01] [0.91 0.08 0.01] [0.93 0.05 0.02]]
