RBP NDCG RR ERR R@200.2971 0.4447 0.5923 0.4028 0.5025
0.2906 0.4427 0.5644 0.4105 0.4836
0.3361 0.4425 0.6085 0.4115 0.4724
0.3232 0.4263 0.5727 0.3894 0.4902
0.3426 0.4740 0.6207 0.4200 0.5271
[[0.94 0.04 0.02] [0.90 0.08 0.02] [0.90 0.08 0.02] [0.91 0.07 0.02] [0.91 0.07 0.02]]
[[0.89 0.09 0.02] [0.90 0.08 0.02] [0.90 0.08 0.02] [0.90 0.08 0.02] [0.82 0.05 0.13]]
[[0.93 0.05 0.02] [0.91 0.07 0.02] [0.90 0.07 0.03] [0.91 0.07 0.02] [0.92 0.07 0.01]]
[[0.94 0.04 0.02] [0.88 0.08 0.04] [0.92 0.04 0.04] [0.84 0.14 0.02] [0.91 0.07 0.02]]
[[0.94 0.04 0.02] [0.91 0.05 0.04] [0.90 0.09 0.01] [0.91 0.05 0.04] [0.94 0.05 0.01]]
