RBP NDCG RR ERR R@200.2969 0.4436 0.5865 0.3984 0.5014
0.2903 0.4419 0.5601 0.4055 0.4826
0.3357 0.4411 0.6027 0.4070 0.4739
0.3223 0.4259 0.5720 0.3879 0.4890
0.3414 0.4736 0.6207 0.4200 0.5265
[[0.93 0.06 0.01] [0.90 0.09 0.01] [0.90 0.08 0.02] [0.91 0.08 0.01] [0.92 0.07 0.01]]
[[0.90 0.09 0.01] [0.90 0.09 0.01] [0.87 0.12 0.01] [0.90 0.08 0.02] [0.92 0.07 0.01]]
[[0.93 0.06 0.01] [0.91 0.08 0.01] [0.90 0.08 0.02] [0.91 0.08 0.01] [0.92 0.07 0.01]]
[[0.94 0.05 0.01] [0.87 0.12 0.01] [0.87 0.12 0.01] [0.84 0.14 0.02] [0.92 0.07 0.01]]
[[0.90 0.09 0.01] [0.90 0.09 0.01] [0.90 0.09 0.01] [0.91 0.08 0.01] [0.93 0.05 0.02]]
