RBP NDCG RR ERR R@200.2911 0.4265 0.5792 0.3821 0.4932
0.2828 0.4265 0.5546 0.3903 0.4685
0.3302 0.4367 0.6089 0.4061 0.4666
0.3188 0.4203 0.5741 0.3858 0.4733
0.3393 0.4652 0.6247 0.4204 0.5196
[[0.03 0.08 0.89] [0.03 0.08 0.89] [0.02 0.09 0.89] [0.02 0.09 0.89] [0.02 0.97 0.01]]
[[0.02 0.30 0.68] [0.02 0.09 0.89] [0.02 0.09 0.89] [0.02 0.09 0.89] [0.98 0.01 0.01]]
[[0.03 0.14 0.83] [0.05 0.36 0.59] [0.02 0.09 0.89] [0.08 0.04 0.88] [0.98 0.01 0.01]]
[[0.03 0.08 0.89] [0.72 0.27 0.01] [0.02 0.09 0.89] [0.03 0.59 0.38] [0.98 0.01 0.01]]
[[0.03 0.06 0.91] [0.54 0.05 0.41] [0.02 0.29 0.69] [0.54 0.06 0.40] [0.98 0.01 0.01]]
