RBP NDCG RR ERR R@200.2958 0.4423 0.5776 0.3914 0.5000
0.2901 0.4406 0.5527 0.3986 0.4812
0.3353 0.4398 0.5945 0.4011 0.4726
0.3208 0.4253 0.5711 0.3880 0.4890
0.3411 0.4724 0.6142 0.4169 0.5231
[[0.93 0.06 0.01] [0.90 0.09 0.01] [0.90 0.09 0.01] [0.91 0.08 0.01] [0.89 0.10 0.01]]
[[0.90 0.09 0.01] [0.90 0.09 0.01] [0.87 0.12 0.01] [0.90 0.09 0.01] [0.92 0.07 0.01]]
[[0.94 0.05 0.01] [0.91 0.07 0.02] [0.91 0.07 0.02] [0.98 0.01 0.01] [0.89 0.01 0.10]]
[[0.94 0.05 0.01] [0.87 0.12 0.01] [0.87 0.12 0.01] [0.84 0.14 0.02] [0.92 0.07 0.01]]
[[0.92 0.07 0.01] [0.90 0.09 0.01] [0.91 0.07 0.02] [0.98 0.01 0.01] [0.97 0.02 0.01]]
