RBP NDCG RR ERR R@200.2964 0.4436 0.5868 0.3986 0.5010
0.2902 0.4418 0.5599 0.4059 0.4873
0.3356 0.4411 0.6033 0.4064 0.4737
0.3222 0.4265 0.5770 0.3882 0.4872
0.3415 0.4736 0.6207 0.4201 0.5255
[[0.93 0.06 0.01] [0.90 0.09 0.01] [0.86 0.11 0.03] [0.86 0.07 0.07] [0.91 0.08 0.01]]
[[0.90 0.09 0.01] [0.90 0.09 0.01] [0.87 0.12 0.01] [0.86 0.08 0.06] [0.85 0.05 0.10]]
[[0.93 0.06 0.01] [0.91 0.07 0.02] [0.90 0.08 0.02] [0.91 0.07 0.02] [0.91 0.07 0.02]]
[[0.93 0.05 0.02] [0.87 0.12 0.01] [0.86 0.11 0.03] [0.84 0.14 0.02] [0.91 0.08 0.01]]
[[0.90 0.09 0.01] [0.90 0.09 0.01] [0.90 0.08 0.02] [0.91 0.08 0.01] [0.94 0.05 0.01]]
