RBP NDCG RR ERR R@200.2913 0.4276 0.5870 0.3863 0.4932
0.2825 0.4269 0.5682 0.3910 0.4685
0.3306 0.4372 0.6180 0.4103 0.4666
0.3189 0.4207 0.5779 0.3897 0.4733
0.3392 0.4651 0.6254 0.4204 0.5196
[[0.04 0.11 0.85] [0.04 0.11 0.85] [0.02 0.19 0.79] [0.03 0.04 0.93] [0.02 0.97 0.01]]
[[0.04 0.11 0.85] [0.02 0.41 0.57] [0.02 0.19 0.79] [0.04 0.14 0.82] [0.98 0.01 0.01]]
[[0.07 0.07 0.86] [0.03 0.04 0.93] [0.02 0.19 0.79] [0.03 0.04 0.93] [0.98 0.01 0.01]]
[[0.04 0.77 0.19] [0.04 0.12 0.84] [0.04 0.15 0.81] [0.04 0.13 0.83] [0.98 0.01 0.01]]
[[0.56 0.36 0.08] [0.57 0.34 0.09] [0.04 0.56 0.40] [0.55 0.43 0.02] [0.98 0.01 0.01]]
