RBP NDCG RR ERR R@200.2966 0.4438 0.5861 0.3986 0.5013
0.2904 0.4420 0.5600 0.4058 0.4831
0.3352 0.4415 0.6024 0.4069 0.4725
0.3220 0.4255 0.5717 0.3879 0.4890
0.3421 0.4740 0.6213 0.4203 0.5275
[[0.93 0.06 0.01] [0.91 0.08 0.01] [0.90 0.09 0.01] [0.86 0.06 0.08] [0.91 0.08 0.01]]
[[0.90 0.09 0.01] [0.90 0.09 0.01] [0.87 0.12 0.01] [0.84 0.08 0.08] [0.81 0.07 0.12]]
[[0.93 0.06 0.01] [0.91 0.08 0.01] [0.90 0.09 0.01] [0.91 0.07 0.02] [0.91 0.08 0.01]]
[[0.94 0.04 0.02] [0.87 0.12 0.01] [0.87 0.12 0.01] [0.84 0.14 0.02] [0.92 0.07 0.01]]
[[0.90 0.04 0.06] [0.91 0.08 0.01] [0.90 0.04 0.06] [0.91 0.05 0.04] [0.92 0.06 0.02]]
