RBP NDCG RR ERR R@200.2917 0.4264 0.5780 0.3806 0.4936
0.2830 0.4256 0.5527 0.3873 0.4685
0.3312 0.4362 0.6043 0.4060 0.4666
0.3193 0.4203 0.5685 0.3851 0.4733
0.3396 0.4652 0.6247 0.4204 0.5196
[[0.03 0.07 0.90] [0.03 0.16 0.81] [0.01 0.15 0.84] [0.03 0.30 0.67] [0.02 0.62 0.36]]
[[0.03 0.15 0.82] [0.52 0.37 0.11] [0.01 0.15 0.84] [0.03 0.68 0.29] [0.98 0.01 0.01]]
[[0.03 0.08 0.89] [0.07 0.02 0.91] [0.01 0.39 0.60] [0.07 0.04 0.89] [0.98 0.01 0.01]]
[[0.03 0.50 0.47] [0.72 0.27 0.01] [0.03 0.50 0.47] [0.07 0.03 0.90] [0.98 0.01 0.01]]
[[0.03 0.50 0.47] [0.57 0.03 0.40] [0.02 0.41 0.57] [0.57 0.03 0.40] [0.98 0.01 0.01]]
