RBP NDCG RR ERR R@200.2963 0.4436 0.5863 0.3990 0.5010
0.2901 0.4418 0.5599 0.4059 0.4881
0.3353 0.4411 0.6027 0.4064 0.4737
0.3219 0.4265 0.5718 0.3881 0.4872
0.3415 0.4736 0.6207 0.4201 0.5257
[[0.93 0.06 0.01] [0.90 0.09 0.01] [0.90 0.08 0.02] [0.83 0.08 0.09] [0.91 0.08 0.01]]
[[0.90 0.09 0.01] [0.90 0.09 0.01] [0.87 0.12 0.01] [0.86 0.08 0.06] [0.85 0.04 0.11]]
[[0.93 0.06 0.01] [0.91 0.07 0.02] [0.90 0.08 0.02] [0.91 0.07 0.02] [0.91 0.07 0.02]]
[[0.93 0.05 0.02] [0.87 0.12 0.01] [0.87 0.12 0.01] [0.84 0.14 0.02] [0.91 0.08 0.01]]
[[0.90 0.09 0.01] [0.90 0.09 0.01] [0.90 0.09 0.01] [0.91 0.08 0.01] [0.85 0.04 0.11]]
