RBP NDCG RR ERR R@200.8028 0.6549 1.0000 0.9291 0.2286
0.7751 0.6200 1.0000 0.9264 0.2049
0.8080 0.6229 1.0000 0.9312 0.1892
0.8013 0.6710 1.0000 0.9265 0.2252
0.8397 0.6087 1.0000 0.9259 0.2120
[[0.17 0.11 0.72] [0.17 0.11 0.72] [0.98 0.01 0.01] [0.19 0.07 0.74] [0.29 0.70 0.01]]
[[0.17 0.11 0.72] [0.17 0.11 0.72] [0.98 0.01 0.01] [0.19 0.07 0.74] [0.98 0.01 0.01]]
[[0.18 0.13 0.69] [0.09 0.10 0.81] [0.98 0.01 0.01] [0.19 0.07 0.74] [0.29 0.70 0.01]]
[[0.09 0.01 0.90] [0.17 0.18 0.65] [0.98 0.01 0.01] [0.09 0.01 0.90] [0.29 0.70 0.01]]
[[0.08 0.04 0.88] [0.22 0.13 0.65] [0.98 0.01 0.01] [0.21 0.19 0.60] [0.29 0.70 0.01]]
