RBP NDCG RR ERR R@200.8022 0.6549 1.0000 0.9291 0.2286
0.7751 0.6200 1.0000 0.9264 0.2049
0.8083 0.6229 1.0000 0.9312 0.1892
0.8016 0.6709 1.0000 0.9265 0.2252
0.8399 0.6087 1.0000 0.9259 0.2120
[[0.12 0.35 0.53] [0.11 0.39 0.50] [0.98 0.01 0.01] [0.11 0.51 0.38] [0.29 0.70 0.01]]
[[0.09 0.37 0.54] [0.11 0.33 0.56] [0.98 0.01 0.01] [0.09 0.37 0.54] [0.98 0.01 0.01]]
[[0.05 0.05 0.90] [0.10 0.46 0.44] [0.98 0.01 0.01] [0.09 0.37 0.54] [0.29 0.70 0.01]]
[[0.09 0.37 0.54] [0.11 0.42 0.47] [0.98 0.01 0.01] [0.09 0.37 0.54] [0.29 0.70 0.01]]
[[0.07 0.07 0.86] [0.18 0.03 0.79] [0.98 0.01 0.01] [0.22 0.01 0.77] [0.29 0.70 0.01]]
