RBP NDCG RR ERR R@200.8020 0.6547 1.0000 0.9291 0.2286
0.7750 0.6198 1.0000 0.9264 0.2049
0.8084 0.6227 1.0000 0.9312 0.1892
0.8014 0.6707 1.0000 0.9265 0.2252
0.8402 0.6087 1.0000 0.9259 0.2120
[[0.08 0.70 0.22] [0.31 0.54 0.15] [0.98 0.01 0.01] [0.30 0.67 0.03] [0.29 0.70 0.01]]
[[0.08 0.54 0.38] [0.08 0.54 0.38] [0.98 0.01 0.01] [0.26 0.32 0.42] [0.98 0.01 0.01]]
[[0.05 0.24 0.71] [0.08 0.54 0.38] [0.98 0.01 0.01] [0.26 0.32 0.42] [0.29 0.70 0.01]]
[[0.08 0.54 0.38] [0.17 0.61 0.22] [0.98 0.01 0.01] [0.09 0.45 0.46] [0.29 0.70 0.01]]
[[0.08 0.07 0.85] [0.32 0.48 0.20] [0.98 0.01 0.01] [0.24 0.11 0.65] [0.29 0.70 0.01]]
