RBP NDCG RR ERR R@200.8022 0.6549 1.0000 0.9291 0.2286
0.7752 0.6200 1.0000 0.9264 0.2049
0.8086 0.6229 1.0000 0.9312 0.1892
0.8016 0.6709 1.0000 0.9265 0.2252
0.8402 0.6087 1.0000 0.9259 0.2120
[[0.10 0.40 0.50] [0.09 0.52 0.39] [0.98 0.01 0.01] [0.09 0.55 0.36] [0.29 0.70 0.01]]
[[0.09 0.40 0.51] [0.10 0.44 0.46] [0.98 0.01 0.01] [0.09 0.40 0.51] [0.98 0.01 0.01]]
[[0.05 0.12 0.83] [0.10 0.49 0.41] [0.98 0.01 0.01] [0.09 0.40 0.51] [0.29 0.70 0.01]]
[[0.09 0.40 0.51] [0.10 0.49 0.41] [0.98 0.01 0.01] [0.09 0.40 0.51] [0.29 0.70 0.01]]
[[0.05 0.16 0.79] [0.29 0.56 0.15] [0.98 0.01 0.01] [0.23 0.08 0.69] [0.29 0.70 0.01]]
