RBP NDCG RR ERR R@200.8022 0.6549 1.0000 0.9291 0.2286
0.7750 0.6200 1.0000 0.9264 0.2049
0.8082 0.6229 1.0000 0.9312 0.1892
0.8014 0.6709 1.0000 0.9265 0.2252
0.8397 0.6087 1.0000 0.9259 0.2120
[[0.11 0.40 0.49] [0.09 0.52 0.39] [0.98 0.01 0.01] [0.16 0.11 0.73] [0.29 0.70 0.01]]
[[0.08 0.41 0.51] [0.10 0.47 0.43] [0.98 0.01 0.01] [0.09 0.32 0.59] [0.98 0.01 0.01]]
[[0.04 0.22 0.74] [0.10 0.47 0.43] [0.98 0.01 0.01] [0.09 0.32 0.59] [0.29 0.70 0.01]]
[[0.08 0.41 0.51] [0.14 0.25 0.61] [0.98 0.01 0.01] [0.09 0.32 0.59] [0.29 0.70 0.01]]
[[0.08 0.02 0.90] [0.32 0.42 0.26] [0.98 0.01 0.01] [0.22 0.37 0.41] [0.29 0.70 0.01]]
