RBP NDCG RR ERR R@200.8023 0.6549 1.0000 0.9291 0.2286
0.7752 0.6200 1.0000 0.9264 0.2049
0.8089 0.6229 1.0000 0.9312 0.1892
0.8017 0.6709 1.0000 0.9265 0.2252
0.8402 0.6086 1.0000 0.9259 0.2120
[[0.12 0.44 0.44] [0.10 0.63 0.27] [0.98 0.01 0.01] [0.10 0.15 0.75] [0.30 0.69 0.01]]
[[0.11 0.44 0.45] [0.12 0.44 0.44] [0.98 0.01 0.01] [0.10 0.51 0.39] [0.98 0.01 0.01]]
[[0.05 0.49 0.46] [0.10 0.63 0.27] [0.98 0.01 0.01] [0.10 0.51 0.39] [0.30 0.69 0.01]]
[[0.11 0.44 0.45] [0.10 0.63 0.27] [0.98 0.01 0.01] [0.10 0.51 0.39] [0.30 0.69 0.01]]
[[0.08 0.33 0.59] [0.31 0.65 0.04] [0.98 0.01 0.01] [0.33 0.04 0.63] [0.30 0.69 0.01]]
