RBP NDCG RR ERR R@200.8015 0.6545 1.0000 0.9291 0.2307
0.7736 0.6196 1.0000 0.9264 0.2071
0.8181 0.6225 1.0000 0.9315 0.1943
0.8001 0.6705 1.0000 0.9266 0.2273
0.8391 0.6081 1.0000 0.9259 0.2106
[[0.97 0.02 0.01] [0.97 0.02 0.01] [0.98 0.01 0.01] [0.97 0.02 0.01] [0.92 0.07 0.01]]
[[0.97 0.02 0.01] [0.97 0.02 0.01] [0.98 0.01 0.01] [0.91 0.02 0.07] [0.95 0.01 0.04]]
[[0.76 0.18 0.06] [0.97 0.02 0.01] [0.98 0.01 0.01] [0.66 0.06 0.28] [0.85 0.11 0.04]]
[[0.97 0.02 0.01] [0.97 0.02 0.01] [0.98 0.01 0.01] [0.91 0.02 0.07] [0.92 0.07 0.01]]
[[0.97 0.02 0.01] [0.98 0.01 0.01] [0.98 0.01 0.01] [0.91 0.02 0.07] [0.92 0.07 0.01]]
