RBP NDCG RR ERR R@200.8020 0.6547 1.0000 0.9291 0.2286
0.7750 0.6198 1.0000 0.9264 0.2049
0.8084 0.6227 1.0000 0.9312 0.1892
0.8014 0.6707 1.0000 0.9265 0.2252
0.8402 0.6087 1.0000 0.9259 0.2120
[[0.08 0.71 0.21] [0.08 0.66 0.26] [0.98 0.01 0.01] [0.30 0.67 0.03] [0.29 0.70 0.01]]
[[0.08 0.51 0.41] [0.08 0.55 0.37] [0.98 0.01 0.01] [0.24 0.14 0.62] [0.98 0.01 0.01]]
[[0.04 0.44 0.52] [0.08 0.55 0.37] [0.98 0.01 0.01] [0.24 0.14 0.62] [0.29 0.70 0.01]]
[[0.08 0.51 0.41] [0.19 0.14 0.67] [0.98 0.01 0.01] [0.10 0.32 0.58] [0.29 0.70 0.01]]
[[0.09 0.01 0.90] [0.26 0.02 0.72] [0.98 0.01 0.01] [0.24 0.14 0.62] [0.29 0.70 0.01]]
