RBP NDCG RR ERR R@200.8022 0.6548 1.0000 0.9291 0.2286
0.7752 0.6200 1.0000 0.9264 0.2049
0.8089 0.6228 1.0000 0.9312 0.1892
0.8016 0.6709 1.0000 0.9265 0.2252
0.8402 0.6087 1.0000 0.9259 0.2120
[[0.11 0.42 0.47] [0.10 0.58 0.32] [0.98 0.01 0.01] [0.11 0.17 0.72] [0.30 0.69 0.01]]
[[0.11 0.42 0.47] [0.10 0.54 0.36] [0.98 0.01 0.01] [0.10 0.54 0.36] [0.98 0.01 0.01]]
[[0.05 0.49 0.46] [0.10 0.54 0.36] [0.98 0.01 0.01] [0.10 0.54 0.36] [0.30 0.69 0.01]]
[[0.11 0.42 0.47] [0.10 0.54 0.36] [0.98 0.01 0.01] [0.10 0.54 0.36] [0.30 0.69 0.01]]
[[0.10 0.03 0.87] [0.34 0.53 0.13] [0.98 0.01 0.01] [0.34 0.01 0.65] [0.30 0.69 0.01]]
