RBP NDCG RR ERR R@200.8022 0.6549 1.0000 0.9291 0.2286
0.7752 0.6200 1.0000 0.9264 0.2049
0.8090 0.6229 1.0000 0.9312 0.1901
0.8017 0.6709 1.0000 0.9265 0.2252
0.8402 0.6086 1.0000 0.9259 0.2120
[[0.10 0.28 0.62] [0.10 0.54 0.36] [0.98 0.01 0.01] [0.10 0.13 0.77] [0.30 0.69 0.01]]
[[0.11 0.41 0.48] [0.10 0.51 0.39] [0.98 0.01 0.01] [0.10 0.51 0.39] [0.98 0.01 0.01]]
[[0.05 0.48 0.47] [0.10 0.51 0.39] [0.98 0.01 0.01] [0.10 0.51 0.39] [0.04 0.41 0.55]]
[[0.10 0.28 0.62] [0.10 0.51 0.39] [0.98 0.01 0.01] [0.10 0.51 0.39] [0.30 0.69 0.01]]
[[0.08 0.12 0.80] [0.31 0.65 0.04] [0.98 0.01 0.01] [0.30 0.04 0.66] [0.30 0.69 0.01]]
