RBP NDCG RR ERR R@200.8028 0.6549 1.0000 0.9291 0.2286
0.7751 0.6201 1.0000 0.9264 0.2049
0.8080 0.6229 1.0000 0.9312 0.1892
0.8012 0.6710 1.0000 0.9265 0.2252
0.8397 0.6087 1.0000 0.9259 0.2120
[[0.20 0.02 0.78] [0.20 0.02 0.78] [0.98 0.01 0.01] [0.20 0.02 0.78] [0.29 0.70 0.01]]
[[0.20 0.02 0.78] [0.20 0.02 0.78] [0.98 0.01 0.01] [0.20 0.02 0.78] [0.98 0.01 0.01]]
[[0.20 0.02 0.78] [0.20 0.02 0.78] [0.98 0.01 0.01] [0.20 0.02 0.78] [0.29 0.70 0.01]]
[[0.18 0.10 0.72] [0.16 0.29 0.55] [0.98 0.01 0.01] [0.16 0.32 0.52] [0.29 0.70 0.01]]
[[0.20 0.06 0.74] [0.20 0.03 0.77] [0.98 0.01 0.01] [0.21 0.03 0.76] [0.29 0.70 0.01]]
