RBP NDCG RR ERR R@200.8019 0.6546 1.0000 0.9291 0.2302
0.7738 0.6198 1.0000 0.9264 0.2057
0.8233 0.6234 1.0000 0.9341 0.1937
0.8008 0.6707 1.0000 0.9265 0.2282
0.8395 0.6082 1.0000 0.9259 0.2101
[[0.96 0.03 0.01] [0.98 0.01 0.01] [0.98 0.01 0.01] [0.98 0.01 0.01] [0.91 0.08 0.01]]
[[0.98 0.01 0.01] [0.98 0.01 0.01] [0.98 0.01 0.01] [0.98 0.01 0.01] [0.95 0.04 0.01]]
[[0.79 0.14 0.07] [0.92 0.01 0.07] [0.98 0.01 0.01] [0.70 0.03 0.27] [0.91 0.08 0.01]]
[[0.96 0.03 0.01] [0.98 0.01 0.01] [0.98 0.01 0.01] [0.98 0.01 0.01] [0.91 0.08 0.01]]
[[0.96 0.03 0.01] [0.98 0.01 0.01] [0.98 0.01 0.01] [0.93 0.01 0.06] [0.91 0.08 0.01]]
