RBP NDCG RR ERR R@200.8023 0.6549 1.0000 0.9291 0.2286
0.7753 0.6200 1.0000 0.9264 0.2049
0.8089 0.6229 1.0000 0.9312 0.1892
0.8018 0.6710 1.0000 0.9265 0.2252
0.8402 0.6087 1.0000 0.9259 0.2120
[[0.11 0.63 0.26] [0.12 0.52 0.36] [0.98 0.01 0.01] [0.10 0.25 0.65] [0.30 0.69 0.01]]
[[0.13 0.32 0.55] [0.12 0.54 0.34] [0.98 0.01 0.01] [0.10 0.53 0.37] [0.98 0.01 0.01]]
[[0.05 0.49 0.46] [0.11 0.62 0.27] [0.98 0.01 0.01] [0.10 0.53 0.37] [0.30 0.69 0.01]]
[[0.13 0.32 0.55] [0.12 0.54 0.34] [0.98 0.01 0.01] [0.10 0.53 0.37] [0.30 0.69 0.01]]
[[0.08 0.33 0.59] [0.34 0.52 0.14] [0.98 0.01 0.01] [0.34 0.18 0.48] [0.30 0.69 0.01]]
