RBP NDCG RR ERR R@200.8023 0.6549 1.0000 0.9291 0.2286
0.7752 0.6200 1.0000 0.9264 0.2049
0.8083 0.6229 1.0000 0.9312 0.1892
0.8016 0.6710 1.0000 0.9265 0.2252
0.8402 0.6087 1.0000 0.9259 0.2120
[[0.15 0.34 0.51] [0.12 0.48 0.40] [0.98 0.01 0.01] [0.10 0.08 0.82] [0.29 0.70 0.01]]
[[0.10 0.47 0.43] [0.15 0.34 0.51] [0.98 0.01 0.01] [0.10 0.47 0.43] [0.98 0.01 0.01]]
[[0.05 0.40 0.55] [0.10 0.47 0.43] [0.98 0.01 0.01] [0.10 0.47 0.43] [0.29 0.70 0.01]]
[[0.10 0.47 0.43] [0.12 0.45 0.43] [0.98 0.01 0.01] [0.10 0.47 0.43] [0.29 0.70 0.01]]
[[0.08 0.12 0.80] [0.33 0.51 0.16] [0.98 0.01 0.01] [0.26 0.16 0.58] [0.29 0.70 0.01]]
