RBP NDCG RR ERR R@200.8020 0.6548 1.0000 0.9291 0.2286
0.7750 0.6199 1.0000 0.9264 0.2049
0.8084 0.6227 1.0000 0.9312 0.1892
0.8014 0.6708 1.0000 0.9265 0.2252
0.8402 0.6087 1.0000 0.9259 0.2120
[[0.10 0.02 0.88] [0.10 0.06 0.84] [0.98 0.01 0.01] [0.10 0.06 0.84] [0.29 0.70 0.01]]
[[0.09 0.02 0.89] [0.08 0.57 0.35] [0.98 0.01 0.01] [0.25 0.13 0.62] [0.98 0.01 0.01]]
[[0.04 0.48 0.48] [0.09 0.51 0.40] [0.98 0.01 0.01] [0.25 0.13 0.62] [0.29 0.70 0.01]]
[[0.09 0.50 0.41] [0.09 0.51 0.40] [0.98 0.01 0.01] [0.10 0.43 0.47] [0.29 0.70 0.01]]
[[0.08 0.16 0.76] [0.32 0.53 0.15] [0.98 0.01 0.01] [0.25 0.13 0.62] [0.29 0.70 0.01]]
