RBP NDCG RR ERR R@200.8022 0.6549 1.0000 0.9291 0.2286
0.7752 0.6200 1.0000 0.9264 0.2049
0.8085 0.6229 1.0000 0.9312 0.1892
0.8017 0.6709 1.0000 0.9265 0.2252
0.8402 0.6087 1.0000 0.9259 0.2120
[[0.10 0.48 0.42] [0.10 0.51 0.39] [0.98 0.01 0.01] [0.10 0.07 0.83] [0.29 0.70 0.01]]
[[0.10 0.45 0.45] [0.10 0.46 0.44] [0.98 0.01 0.01] [0.10 0.46 0.44] [0.98 0.01 0.01]]
[[0.05 0.36 0.59] [0.10 0.46 0.44] [0.98 0.01 0.01] [0.10 0.46 0.44] [0.29 0.70 0.01]]
[[0.10 0.45 0.45] [0.10 0.46 0.44] [0.98 0.01 0.01] [0.10 0.46 0.44] [0.29 0.70 0.01]]
[[0.08 0.12 0.80] [0.32 0.53 0.15] [0.98 0.01 0.01] [0.25 0.17 0.58] [0.29 0.70 0.01]]
