RBP NDCG RR ERR R@200.8027 0.6549 1.0000 0.9291 0.2286
0.7752 0.6200 1.0000 0.9264 0.2049
0.8087 0.6229 1.0000 0.9312 0.1892
0.8017 0.6710 1.0000 0.9265 0.2252
0.8397 0.6086 1.0000 0.9259 0.2120
[[0.20 0.03 0.77] [0.20 0.03 0.77] [0.98 0.01 0.01] [0.20 0.03 0.77] [0.29 0.70 0.01]]
[[0.09 0.01 0.90] [0.20 0.03 0.77] [0.98 0.01 0.01] [0.20 0.03 0.77] [0.98 0.01 0.01]]
[[0.04 0.17 0.79] [0.09 0.01 0.90] [0.98 0.01 0.01] [0.20 0.03 0.77] [0.29 0.70 0.01]]
[[0.09 0.01 0.90] [0.16 0.01 0.83] [0.98 0.01 0.01] [0.09 0.06 0.85] [0.29 0.70 0.01]]
[[0.09 0.01 0.90] [0.24 0.54 0.22] [0.98 0.01 0.01] [0.21 0.16 0.63] [0.29 0.70 0.01]]
