RBP NDCG RR ERR R@200.8027 0.6549 1.0000 0.9291 0.2286
0.7751 0.6200 1.0000 0.9264 0.2049
0.8085 0.6229 1.0000 0.9312 0.1892
0.8014 0.6709 1.0000 0.9265 0.2252
0.8397 0.6087 1.0000 0.9259 0.2120
[[0.19 0.17 0.64] [0.19 0.16 0.65] [0.98 0.01 0.01] [0.19 0.16 0.65] [0.29 0.70 0.01]]
[[0.19 0.16 0.65] [0.19 0.16 0.65] [0.98 0.01 0.01] [0.19 0.16 0.65] [0.98 0.01 0.01]]
[[0.04 0.40 0.56] [0.10 0.33 0.57] [0.98 0.01 0.01] [0.19 0.16 0.65] [0.29 0.70 0.01]]
[[0.08 0.33 0.59] [0.16 0.37 0.47] [0.98 0.01 0.01] [0.09 0.19 0.72] [0.29 0.70 0.01]]
[[0.08 0.33 0.59] [0.31 0.40 0.29] [0.98 0.01 0.01] [0.21 0.23 0.56] [0.29 0.70 0.01]]
