RBP NDCG RR ERR R@200.8019 0.6546 1.0000 0.9291 0.2302
0.7716 0.6195 1.0000 0.9264 0.2057
0.8176 0.6224 1.0000 0.9312 0.1937
0.7988 0.6705 1.0000 0.9265 0.2282
0.8372 0.6080 1.0000 0.9259 0.2101
[[0.96 0.03 0.01] [0.98 0.01 0.01] [0.98 0.01 0.01] [0.98 0.01 0.01] [0.91 0.08 0.01]]
[[0.98 0.01 0.01] [0.98 0.01 0.01] [0.98 0.01 0.01] [0.98 0.01 0.01] [0.95 0.04 0.01]]
[[0.80 0.19 0.01] [0.98 0.01 0.01] [0.98 0.01 0.01] [0.82 0.17 0.01] [0.91 0.08 0.01]]
[[0.96 0.03 0.01] [0.98 0.01 0.01] [0.98 0.01 0.01] [0.98 0.01 0.01] [0.91 0.08 0.01]]
[[0.96 0.03 0.01] [0.98 0.01 0.01] [0.98 0.01 0.01] [0.98 0.01 0.01] [0.91 0.08 0.01]]
