RBP NDCG RR ERR R@200.8023 0.6549 1.0000 0.9291 0.2286
0.7753 0.6200 1.0000 0.9264 0.2049
0.8083 0.6229 1.0000 0.9312 0.1892
0.8018 0.6710 1.0000 0.9265 0.2252
0.8402 0.6087 1.0000 0.9259 0.2120
[[0.12 0.36 0.52] [0.12 0.40 0.48] [0.98 0.01 0.01] [0.09 0.16 0.75] [0.30 0.69 0.01]]
[[0.12 0.35 0.53] [0.11 0.43 0.46] [0.98 0.01 0.01] [0.09 0.56 0.35] [0.98 0.01 0.01]]
[[0.12 0.35 0.53] [0.11 0.43 0.46] [0.98 0.01 0.01] [0.09 0.56 0.35] [0.30 0.69 0.01]]
[[0.12 0.35 0.53] [0.11 0.43 0.46] [0.98 0.01 0.01] [0.09 0.56 0.35] [0.30 0.69 0.01]]
[[0.08 0.20 0.72] [0.18 0.22 0.60] [0.98 0.01 0.01] [0.28 0.10 0.62] [0.30 0.69 0.01]]
