RBP NDCG RR ERR R@200.8019 0.6544 1.0000 0.9291 0.2293
0.7737 0.6197 1.0000 0.9264 0.2071
0.8272 0.6235 1.0000 0.9320 0.1927
0.8007 0.6705 1.0000 0.9265 0.2273
0.8395 0.6080 1.0000 0.9259 0.2091
[[0.96 0.03 0.01] [0.98 0.01 0.01] [0.98 0.01 0.01] [0.98 0.01 0.01] [0.91 0.08 0.01]]
[[0.98 0.01 0.01] [0.98 0.01 0.01] [0.98 0.01 0.01] [0.97 0.02 0.01] [0.95 0.01 0.04]]
[[0.80 0.14 0.06] [0.92 0.01 0.07] [0.98 0.01 0.01] [0.46 0.05 0.49] [0.91 0.08 0.01]]
[[0.96 0.03 0.01] [0.98 0.01 0.01] [0.98 0.01 0.01] [0.97 0.02 0.01] [0.91 0.08 0.01]]
[[0.96 0.03 0.01] [0.98 0.01 0.01] [0.98 0.01 0.01] [0.97 0.02 0.01] [0.91 0.08 0.01]]
