RBP NDCG RR ERR R@200.8018 0.6545 1.0000 0.9291 0.2293
0.7758 0.6199 1.0000 0.9264 0.2057
0.8275 0.6242 1.0000 0.9323 0.1927
0.8032 0.6707 1.0000 0.9265 0.2273
0.8420 0.6085 1.0000 0.9259 0.2091
[[0.96 0.03 0.01] [0.98 0.01 0.01] [0.98 0.01 0.01] [0.96 0.01 0.03] [0.91 0.08 0.01]]
[[0.84 0.09 0.07] [0.93 0.01 0.06] [0.98 0.01 0.01] [0.96 0.02 0.02] [0.95 0.04 0.01]]
[[0.80 0.14 0.06] [0.89 0.02 0.09] [0.98 0.01 0.01] [0.70 0.06 0.24] [0.91 0.08 0.01]]
[[0.84 0.09 0.07] [0.93 0.01 0.06] [0.98 0.01 0.01] [0.96 0.01 0.03] [0.91 0.08 0.01]]
[[0.84 0.09 0.07] [0.93 0.01 0.06] [0.98 0.01 0.01] [0.96 0.01 0.03] [0.91 0.08 0.01]]
