RBP NDCG RR ERR R@200.8023 0.6549 1.0000 0.9291 0.2286
0.7752 0.6200 1.0000 0.9264 0.2049
0.8089 0.6229 1.0000 0.9312 0.1892
0.8017 0.6709 1.0000 0.9265 0.2252
0.8402 0.6087 1.0000 0.9259 0.2120
[[0.12 0.41 0.47] [0.12 0.41 0.47] [0.98 0.01 0.01] [0.10 0.17 0.73] [0.30 0.69 0.01]]
[[0.11 0.44 0.45] [0.11 0.48 0.41] [0.98 0.01 0.01] [0.10 0.51 0.39] [0.98 0.01 0.01]]
[[0.05 0.46 0.49] [0.10 0.61 0.29] [0.98 0.01 0.01] [0.10 0.51 0.39] [0.30 0.69 0.01]]
[[0.11 0.44 0.45] [0.11 0.53 0.36] [0.98 0.01 0.01] [0.10 0.51 0.39] [0.30 0.69 0.01]]
[[0.08 0.24 0.68] [0.33 0.57 0.10] [0.98 0.01 0.01] [0.32 0.26 0.42] [0.30 0.69 0.01]]
