RBP NDCG RR ERR R@200.8015 0.6544 1.0000 0.9291 0.2293
0.7763 0.6202 1.0000 0.9264 0.2071
0.8271 0.6234 1.0000 0.9316 0.1927
0.8012 0.6705 1.0000 0.9265 0.2273
0.8397 0.6082 1.0000 0.9259 0.2091
[[0.98 0.01 0.01] [0.98 0.01 0.01] [0.98 0.01 0.01] [0.98 0.01 0.01] [0.91 0.08 0.01]]
[[0.92 0.01 0.07] [0.92 0.01 0.07] [0.98 0.01 0.01] [0.97 0.02 0.01] [0.95 0.01 0.04]]
[[0.80 0.14 0.06] [0.92 0.01 0.07] [0.98 0.01 0.01] [0.80 0.11 0.09] [0.91 0.08 0.01]]
[[0.87 0.06 0.07] [0.98 0.01 0.01] [0.98 0.01 0.01] [0.97 0.02 0.01] [0.91 0.08 0.01]]
[[0.87 0.06 0.07] [0.92 0.01 0.07] [0.98 0.01 0.01] [0.97 0.02 0.01] [0.91 0.08 0.01]]
