RBP NDCG RR ERR R@200.8018 0.6547 1.0000 0.9291 0.2286
0.7737 0.6198 1.0000 0.9264 0.2049
0.8065 0.6226 1.0000 0.9312 0.1892
0.7999 0.6707 1.0000 0.9265 0.2252
0.8394 0.6086 1.0000 0.9259 0.2120
[[0.06 0.78 0.16] [0.29 0.68 0.03] [0.98 0.01 0.01] [0.29 0.68 0.03] [0.29 0.70 0.01]]
[[0.35 0.07 0.58] [0.29 0.68 0.03] [0.98 0.01 0.01] [0.98 0.01 0.01] [0.98 0.01 0.01]]
[[0.28 0.71 0.01] [0.29 0.68 0.03] [0.98 0.01 0.01] [0.29 0.68 0.03] [0.29 0.70 0.01]]
[[0.21 0.78 0.01] [0.28 0.71 0.01] [0.98 0.01 0.01] [0.19 0.26 0.55] [0.29 0.70 0.01]]
[[0.28 0.71 0.01] [0.29 0.68 0.03] [0.98 0.01 0.01] [0.29 0.68 0.03] [0.29 0.70 0.01]]
