RBP NDCG RR ERR R@200.8019 0.6544 1.0000 0.9291 0.2293
0.7759 0.6198 1.0000 0.9264 0.2057
0.8273 0.6236 1.0000 0.9320 0.1927
0.8029 0.6705 1.0000 0.9265 0.2273
0.8421 0.6083 1.0000 0.9259 0.2091
[[0.96 0.03 0.01] [0.98 0.01 0.01] [0.98 0.01 0.01] [0.96 0.01 0.03] [0.91 0.08 0.01]]
[[0.83 0.11 0.06] [0.93 0.01 0.06] [0.98 0.01 0.01] [0.96 0.02 0.02] [0.95 0.04 0.01]]
[[0.80 0.14 0.06] [0.92 0.01 0.07] [0.98 0.01 0.01] [0.43 0.03 0.54] [0.91 0.08 0.01]]
[[0.83 0.11 0.06] [0.98 0.01 0.01] [0.98 0.01 0.01] [0.96 0.01 0.03] [0.91 0.08 0.01]]
[[0.83 0.11 0.06] [0.93 0.01 0.06] [0.98 0.01 0.01] [0.96 0.01 0.03] [0.91 0.08 0.01]]
