RBP NDCG RR ERR R@200.2893 0.4258 0.5536 0.3771 0.4880
0.2809 0.4252 0.5365 0.3855 0.4685
0.3290 0.4356 0.5833 0.4036 0.4666
0.3179 0.4203 0.5587 0.3849 0.4733
0.3388 0.4648 0.6110 0.4197 0.5196
[[0.91 0.09] [0.91 0.09] [0.99 0.01] [0.99 0.01] [0.99 0.01]]
[[0.91 0.09] [0.91 0.09] [0.99 0.01] [0.99 0.01] [0.99 0.01]]
[[0.91 0.09] [0.91 0.09] [0.99 0.01] [0.99 0.01] [0.99 0.01]]
[[0.99 0.01] [0.23 0.77] [0.99 0.01] [0.99 0.01] [0.99 0.01]]
[[0.91 0.09] [0.91 0.09] [0.99 0.01] [0.99 0.01] [0.99 0.01]]
