RBP NDCG RR ERR R@200.2993 0.4328 0.5791 0.3939 0.4838
0.2891 0.4257 0.5504 0.3860 0.4646
0.3375 0.4377 0.5894 0.4052 0.4694
0.3216 0.4197 0.5601 0.3827 0.4688
0.3444 0.4650 0.6240 0.4196 0.5163
[[0.96 0.04] [0.92 0.08] [0.92 0.08] [0.92 0.08] [0.99 0.01]]
[[0.95 0.05] [0.99 0.01] [0.92 0.08] [0.93 0.07] [0.99 0.01]]
[[0.96 0.04] [0.99 0.01] [0.92 0.08] [0.93 0.07] [0.99 0.01]]
[[0.97 0.03] [0.99 0.01] [0.92 0.08] [0.99 0.01] [0.99 0.01]]
[[0.96 0.04] [0.99 0.01] [0.90 0.10] [0.99 0.01] [0.99 0.01]]
