RBP NDCG RR ERR R@200.2979 0.4317 0.5702 0.3916 0.4867
0.2874 0.4259 0.5467 0.3877 0.4671
0.3363 0.4382 0.5946 0.4070 0.4703
0.3199 0.4201 0.5586 0.3848 0.4710
0.3428 0.4657 0.6206 0.4225 0.5189
[[0.89 0.11] [0.90 0.10] [0.81 0.19] [0.90 0.10] [0.99 0.01]]
[[0.88 0.12] [0.99 0.01] [0.81 0.19] [0.99 0.01] [0.98 0.02]]
[[0.88 0.12] [0.97 0.03] [0.81 0.19] [0.99 0.01] [0.98 0.02]]
[[0.88 0.12] [0.99 0.01] [0.81 0.19] [0.99 0.01] [0.98 0.02]]
[[0.88 0.12] [0.99 0.01] [0.81 0.19] [0.99 0.01] [0.98 0.02]]
