RBP NDCG RR ERR R@200.3004 0.4342 0.5807 0.3965 0.4851
0.2904 0.4268 0.5533 0.3881 0.4665
0.3370 0.4398 0.5924 0.4091 0.4705
0.3219 0.4214 0.5644 0.3868 0.4703
0.3452 0.4660 0.6276 0.4223 0.5182
[[0.90 0.10] [0.90 0.10] [0.90 0.10] [0.90 0.10] [0.99 0.01]]
[[0.90 0.10] [0.97 0.03] [0.89 0.11] [0.89 0.11] [0.99 0.01]]
[[0.91 0.09] [0.97 0.03] [0.90 0.10] [0.97 0.03] [0.98 0.02]]
[[0.95 0.05] [0.97 0.03] [0.90 0.10] [0.97 0.03] [0.99 0.01]]
[[0.90 0.10] [0.99 0.01] [0.86 0.14] [0.90 0.10] [0.99 0.01]]
